115
124
134
144
155
167
180
193
208
224
241
259
279
301
324
348
375
403
434
467
503
541
583
627
675
727
782
842
906
975
1049
1129
1215
1308
1408
1515
1631
1755
1889
2033
2188
2355
2535
2728
2936
3160
3401
3660
3939
4239
4563
4911
5285
5688
6122
6588
7091
7631
8213
8840
9513
10239
11019
11860
12764
13737
14784
15912
17125
18430
19835
21348
22975
24727
26612
28641
30825
33175
35704
38426
41356
44509
47902
51554
55485
59715
64268
69168
74441
80117
86225
92798
99873
107488
115683
124502
133994
144210
155205